
compile with default nvcc

    nvcc ./main.cu -o ./heat

 compile with different flag

    nvcc ./main.cu -o ./heat -arch=compute_90 -code=sm_90

 1  0 0 0 0 0 0 0 0 0 0 0 0 0 0 0
 -0.25  1  0 0 0 0 0 0 0 0 0 0 0 0 0 0
 0  -0.2667  1  0 0 0 0 0 0 0 0 0 0 0 0 0
 0  0  -0.2679  1  0 0 0 0 0 0 0 0 0 0 0 0
 -0.25  -0.06667  -0.01786  -0.004785  1  0 0 0 0 0 0 0 0 0 0 0   
 0 -0.2667  -0.07143  -0.01914  -0.2872  0  0 0 0 0 0 0 0 0 0 0   
 0 0 -0.2679  -0.07177  -0.004785  0  0  0 0 0 0 0 0 0 0 0
 0 0 0 -0.2679  0  0  0  0  0 0 0 0 0 0 0 0
 0 0 0 0 -0.2679  0  0  0  0  0 0 0 0 0 0 0
 0 0 0 0 0 0  0  0  0  0  0 0 0 0 0 0
 0 0 0 0 0 0 0  0  0  0  0  0 0 0 0 0
 0 0 0 0 0 0 0 0  0  0  0  0  0 0 0 0
 0 0 0 0 0 0 0 0 0  0  0  0  0  0 0 0
 0 0 0 0 0 0 0 0 0 0  0  0  0  0  0 0
 0 0 0 0 0 0 0 0 0 0 0  0  0  0  0  0
 0 0 0 0 0 0 0 0 0 0 0 0  0  0  0  0